(kicad_pcb (version 20171130) (host pcbnew "(5.0.0-3-g5ebb6b6)")

  (general
    (thickness 1.6)
    (drawings 3)
    (tracks 357)
    (zones 0)
    (modules 48)
    (nets 38)
  )

  (page A4)
  (layers
    (0 F.Cu signal)
    (31 B.Cu signal)
    (32 B.Adhes user)
    (33 F.Adhes user)
    (34 B.Paste user)
    (35 F.Paste user)
    (36 B.SilkS user)
    (37 F.SilkS user)
    (38 B.Mask user)
    (39 F.Mask user)
    (40 Dwgs.User user)
    (41 Cmts.User user)
    (42 Eco1.User user)
    (43 Eco2.User user)
    (44 Edge.Cuts user)
    (45 Margin user)
    (46 B.CrtYd user)
    (47 F.CrtYd user)
    (48 B.Fab user)
    (49 F.Fab user)
  )

  (setup
    (last_trace_width 0.25)
    (trace_clearance 0.2)
    (zone_clearance 0.508)
    (zone_45_only no)
    (trace_min 0.2)
    (segment_width 0.2)
    (edge_width 0.15)
    (via_size 0.8)
    (via_drill 0.4)
    (via_min_size 0.4)
    (via_min_drill 0.3)
    (uvia_size 0.3)
    (uvia_drill 0.1)
    (uvias_allowed no)
    (uvia_min_size 0.2)
    (uvia_min_drill 0.1)
    (pcb_text_width 0.3)
    (pcb_text_size 1.5 1.5)
    (mod_edge_width 0.15)
    (mod_text_size 1 1)
    (mod_text_width 0.15)
    (pad_size 1.524 1.524)
    (pad_drill 0.762)
    (pad_to_mask_clearance 0.2)
    (aux_axis_origin 0 0)
    (visible_elements FFFFFF7F)
    (pcbplotparams
      (layerselection 0x01030_ffffffff)
      (usegerberextensions true)
      (usegerberattributes false)
      (usegerberadvancedattributes false)
      (creategerberjobfile false)
      (excludeedgelayer true)
      (linewidth 0.100000)
      (plotframeref false)
      (viasonmask false)
      (mode 1)
      (useauxorigin false)
      (hpglpennumber 1)
      (hpglpenspeed 20)
      (hpglpendiameter 15.000000)
      (psnegative false)
      (psa4output false)
      (plotreference true)
      (plotvalue true)
      (plotinvisibletext false)
      (padsonsilk false)
      (subtractmaskfromsilk false)
      (outputformat 1)
      (mirror false)
      (drillshape 0)
      (scaleselection 1)
      (outputdirectory "gerber/"))
  )

  (net 0 "")
  (net 1 "Net-(C1-Pad1)")
  (net 2 GND)
  (net 3 "Net-(D1-Pad2)")
  (net 4 "Net-(D2-Pad2)")
  (net 5 "Net-(D3-Pad2)")
  (net 6 "Net-(D4-Pad2)")
  (net 7 "Net-(D5-Pad2)")
  (net 8 "Net-(D6-Pad2)")
  (net 9 "Net-(D7-Pad2)")
  (net 10 "Net-(D8-Pad2)")
  (net 11 VCC)
  (net 12 "Net-(Q1-Pad2)")
  (net 13 "Net-(Q2-Pad2)")
  (net 14 "Net-(Q3-Pad2)")
  (net 15 "Net-(Q4-Pad2)")
  (net 16 /PULL_HIGH)
  (net 17 /XOR_IN_A)
  (net 18 /LED_E)
  (net 19 /LED_A)
  (net 20 /LED_B)
  (net 21 /LED_C)
  (net 22 /LED_D)
  (net 23 /LED_F)
  (net 24 /LED_G)
  (net 25 /LED_H)
  (net 26 "Net-(R24-Pad1)")
  (net 27 "Net-(R25-Pad2)")
  (net 28 "Net-(R26-Pad1)")
  (net 29 /555_OUT)
  (net 30 "Net-(U2-Pad5)")
  (net 31 "Net-(Q5-Pad2)")
  (net 32 "Net-(Q1-Pad3)")
  (net 33 "Net-(Q2-Pad3)")
  (net 34 "Net-(Q3-Pad3)")
  (net 35 "Net-(Q4-Pad3)")
  (net 36 "Net-(J1-Pad1)")
  (net 37 "Net-(SW3-Pad1)")

  (net_class Default "This is the default net class."
    (clearance 0.2)
    (trace_width 0.25)
    (via_dia 0.8)
    (via_drill 0.4)
    (uvia_dia 0.3)
    (uvia_drill 0.1)
    (add_net /555_OUT)
    (add_net /LED_A)
    (add_net /LED_B)
    (add_net /LED_C)
    (add_net /LED_D)
    (add_net /LED_E)
    (add_net /LED_F)
    (add_net /LED_G)
    (add_net /LED_H)
    (add_net /PULL_HIGH)
    (add_net /XOR_IN_A)
    (add_net GND)
    (add_net "Net-(C1-Pad1)")
    (add_net "Net-(D1-Pad2)")
    (add_net "Net-(D2-Pad2)")
    (add_net "Net-(D3-Pad2)")
    (add_net "Net-(D4-Pad2)")
    (add_net "Net-(D5-Pad2)")
    (add_net "Net-(D6-Pad2)")
    (add_net "Net-(D7-Pad2)")
    (add_net "Net-(D8-Pad2)")
    (add_net "Net-(J1-Pad1)")
    (add_net "Net-(Q1-Pad2)")
    (add_net "Net-(Q1-Pad3)")
    (add_net "Net-(Q2-Pad2)")
    (add_net "Net-(Q2-Pad3)")
    (add_net "Net-(Q3-Pad2)")
    (add_net "Net-(Q3-Pad3)")
    (add_net "Net-(Q4-Pad2)")
    (add_net "Net-(Q4-Pad3)")
    (add_net "Net-(Q5-Pad2)")
    (add_net "Net-(R24-Pad1)")
    (add_net "Net-(R25-Pad2)")
    (add_net "Net-(R26-Pad1)")
    (add_net "Net-(SW3-Pad1)")
    (add_net "Net-(U2-Pad5)")
    (add_net VCC)
  )

  (net_class thick ""
    (clearance 0.5)
    (trace_width 0.5)
    (via_dia 0.8)
    (via_drill 0.4)
    (uvia_dia 0.3)
    (uvia_drill 0.1)
  )

  (module christmas_board_footprint_lib:battery_holder_2468 (layer B.Cu) (tedit 5BAAE91F) (tstamp 5BB095DD)
    (at 133.35 102.87)
    (path /5BADD2F0)
    (fp_text reference J1 (at -29 -10) (layer B.SilkS)
      (effects (font (size 1 1) (thickness 0.15)) (justify mirror))
    )
    (fp_text value Conn_01x02_Female (at -29 10) (layer B.Fab)
      (effects (font (size 1 1) (thickness 0.15)) (justify mirror))
    )
    (fp_line (start 3 -8) (end 0 -8) (layer B.SilkS) (width 0.15))
    (fp_line (start 3 8) (end 3 -8) (layer B.SilkS) (width 0.15))
    (fp_line (start 0 8) (end 3 8) (layer B.SilkS) (width 0.15))
    (fp_line (start -55 -8) (end 0 -8) (layer B.SilkS) (width 0.15))
    (fp_line (start -55 8) (end -55 -8) (layer B.SilkS) (width 0.15))
    (fp_line (start 0 8) (end -55 8) (layer B.SilkS) (width 0.15))
    (pad 1 thru_hole circle (at 0 -6.35) (size 2 2) (drill 1.25) (layers *.Cu *.Mask)
      (net 36 "Net-(J1-Pad1)"))
    (pad 2 thru_hole circle (at 0 6.35) (size 2 2) (drill 1.25) (layers *.Cu *.Mask)
      (net 2 GND))
  )

  (module christmas_board_footprint_lib:Tactile_Shallow_SW (layer F.Cu) (tedit 5BAABC2A) (tstamp 5BB11C35)
    (at 139.7 99.06 180)
    (path /5BAA54A1)
    (fp_text reference SW2 (at 0 6.35 180) (layer F.SilkS)
      (effects (font (size 1 1) (thickness 0.15)))
    )
    (fp_text value SW_Push (at 0 -7.62 180) (layer F.Fab)
      (effects (font (size 1 1) (thickness 0.15)))
    )
    (pad 2 thru_hole circle (at -3.25 2.25 180) (size 1.5 1.5) (drill 1) (layers *.Cu *.Mask)
      (net 16 /PULL_HIGH))
    (pad 2 thru_hole circle (at 3.25 2.25 180) (size 1.5 1.5) (drill 1) (layers *.Cu *.Mask)
      (net 16 /PULL_HIGH))
    (pad 1 thru_hole circle (at 3.25 -2.25 180) (size 1.5 1.5) (drill 1) (layers *.Cu *.Mask)
      (net 2 GND))
    (pad 1 thru_hole circle (at -3.25 -2.25 180) (size 1.5 1.5) (drill 1) (layers *.Cu *.Mask)
      (net 2 GND))
  )

  (module christmas_board_footprint_lib:Tactile_Shallow_SW (layer F.Cu) (tedit 5BAABC2A) (tstamp 5BB096F6)
    (at 86.36 102.87 180)
    (path /5BAAE2C6)
    (fp_text reference SW1 (at 0 6.35 180) (layer F.SilkS)
      (effects (font (size 1 1) (thickness 0.15)))
    )
    (fp_text value SW_Push (at 0 -7.62 180) (layer F.Fab)
      (effects (font (size 1 1) (thickness 0.15)))
    )
    (pad 2 thru_hole circle (at -3.25 2.25 180) (size 1.5 1.5) (drill 1) (layers *.Cu *.Mask)
      (net 16 /PULL_HIGH))
    (pad 2 thru_hole circle (at 3.25 2.25 180) (size 1.5 1.5) (drill 1) (layers *.Cu *.Mask)
      (net 16 /PULL_HIGH))
    (pad 1 thru_hole circle (at 3.25 -2.25 180) (size 1.5 1.5) (drill 1) (layers *.Cu *.Mask)
      (net 11 VCC))
    (pad 1 thru_hole circle (at -3.25 -2.25 180) (size 1.5 1.5) (drill 1) (layers *.Cu *.Mask)
      (net 11 VCC))
  )

  (module Capacitor_THT:CP_Radial_D4.0mm_P1.50mm (layer F.Cu) (tedit 5AE50EF0) (tstamp 5BB09B09)
    (at 127 100.33 270)
    (descr "CP, Radial series, Radial, pin pitch=1.50mm, , diameter=4mm, Electrolytic Capacitor")
    (tags "CP Radial series Radial pin pitch 1.50mm  diameter 4mm Electrolytic Capacitor")
    (path /5BAFA6E2)
    (fp_text reference C1 (at 0.75 -3.25 270) (layer F.SilkS)
      (effects (font (size 1 1) (thickness 0.15)))
    )
    (fp_text value 22uF (at 0.75 3.25 270) (layer F.Fab)
      (effects (font (size 1 1) (thickness 0.15)))
    )
    (fp_circle (center 0.75 0) (end 2.75 0) (layer F.Fab) (width 0.1))
    (fp_circle (center 0.75 0) (end 2.87 0) (layer F.SilkS) (width 0.12))
    (fp_circle (center 0.75 0) (end 3 0) (layer F.CrtYd) (width 0.05))
    (fp_line (start -0.952554 -0.8675) (end -0.552554 -0.8675) (layer F.Fab) (width 0.1))
    (fp_line (start -0.752554 -1.0675) (end -0.752554 -0.6675) (layer F.Fab) (width 0.1))
    (fp_line (start 0.75 0.84) (end 0.75 2.08) (layer F.SilkS) (width 0.12))
    (fp_line (start 0.75 -2.08) (end 0.75 -0.84) (layer F.SilkS) (width 0.12))
    (fp_line (start 0.79 0.84) (end 0.79 2.08) (layer F.SilkS) (width 0.12))
    (fp_line (start 0.79 -2.08) (end 0.79 -0.84) (layer F.SilkS) (width 0.12))
    (fp_line (start 0.83 0.84) (end 0.83 2.079) (layer F.SilkS) (width 0.12))
    (fp_line (start 0.83 -2.079) (end 0.83 -0.84) (layer F.SilkS) (width 0.12))
    (fp_line (start 0.87 -2.077) (end 0.87 -0.84) (layer F.SilkS) (width 0.12))
    (fp_line (start 0.87 0.84) (end 0.87 2.077) (layer F.SilkS) (width 0.12))
    (fp_line (start 0.91 -2.074) (end 0.91 -0.84) (layer F.SilkS) (width 0.12))
    (fp_line (start 0.91 0.84) (end 0.91 2.074) (layer F.SilkS) (width 0.12))
    (fp_line (start 0.95 -2.071) (end 0.95 -0.84) (layer F.SilkS) (width 0.12))
    (fp_line (start 0.95 0.84) (end 0.95 2.071) (layer F.SilkS) (width 0.12))
    (fp_line (start 0.99 -2.067) (end 0.99 -0.84) (layer F.SilkS) (width 0.12))
    (fp_line (start 0.99 0.84) (end 0.99 2.067) (layer F.SilkS) (width 0.12))
    (fp_line (start 1.03 -2.062) (end 1.03 -0.84) (layer F.SilkS) (width 0.12))
    (fp_line (start 1.03 0.84) (end 1.03 2.062) (layer F.SilkS) (width 0.12))
    (fp_line (start 1.07 -2.056) (end 1.07 -0.84) (layer F.SilkS) (width 0.12))
    (fp_line (start 1.07 0.84) (end 1.07 2.056) (layer F.SilkS) (width 0.12))
    (fp_line (start 1.11 -2.05) (end 1.11 -0.84) (layer F.SilkS) (width 0.12))
    (fp_line (start 1.11 0.84) (end 1.11 2.05) (layer F.SilkS) (width 0.12))
    (fp_line (start 1.15 -2.042) (end 1.15 -0.84) (layer F.SilkS) (width 0.12))
    (fp_line (start 1.15 0.84) (end 1.15 2.042) (layer F.SilkS) (width 0.12))
    (fp_line (start 1.19 -2.034) (end 1.19 -0.84) (layer F.SilkS) (width 0.12))
    (fp_line (start 1.19 0.84) (end 1.19 2.034) (layer F.SilkS) (width 0.12))
    (fp_line (start 1.23 -2.025) (end 1.23 -0.84) (layer F.SilkS) (width 0.12))
    (fp_line (start 1.23 0.84) (end 1.23 2.025) (layer F.SilkS) (width 0.12))
    (fp_line (start 1.27 -2.016) (end 1.27 -0.84) (layer F.SilkS) (width 0.12))
    (fp_line (start 1.27 0.84) (end 1.27 2.016) (layer F.SilkS) (width 0.12))
    (fp_line (start 1.31 -2.005) (end 1.31 -0.84) (layer F.SilkS) (width 0.12))
    (fp_line (start 1.31 0.84) (end 1.31 2.005) (layer F.SilkS) (width 0.12))
    (fp_line (start 1.35 -1.994) (end 1.35 -0.84) (layer F.SilkS) (width 0.12))
    (fp_line (start 1.35 0.84) (end 1.35 1.994) (layer F.SilkS) (width 0.12))
    (fp_line (start 1.39 -1.982) (end 1.39 -0.84) (layer F.SilkS) (width 0.12))
    (fp_line (start 1.39 0.84) (end 1.39 1.982) (layer F.SilkS) (width 0.12))
    (fp_line (start 1.43 -1.968) (end 1.43 -0.84) (layer F.SilkS) (width 0.12))
    (fp_line (start 1.43 0.84) (end 1.43 1.968) (layer F.SilkS) (width 0.12))
    (fp_line (start 1.471 -1.954) (end 1.471 -0.84) (layer F.SilkS) (width 0.12))
    (fp_line (start 1.471 0.84) (end 1.471 1.954) (layer F.SilkS) (width 0.12))
    (fp_line (start 1.511 -1.94) (end 1.511 -0.84) (layer F.SilkS) (width 0.12))
    (fp_line (start 1.511 0.84) (end 1.511 1.94) (layer F.SilkS) (width 0.12))
    (fp_line (start 1.551 -1.924) (end 1.551 -0.84) (layer F.SilkS) (width 0.12))
    (fp_line (start 1.551 0.84) (end 1.551 1.924) (layer F.SilkS) (width 0.12))
    (fp_line (start 1.591 -1.907) (end 1.591 -0.84) (layer F.SilkS) (width 0.12))
    (fp_line (start 1.591 0.84) (end 1.591 1.907) (layer F.SilkS) (width 0.12))
    (fp_line (start 1.631 -1.889) (end 1.631 -0.84) (layer F.SilkS) (width 0.12))
    (fp_line (start 1.631 0.84) (end 1.631 1.889) (layer F.SilkS) (width 0.12))
    (fp_line (start 1.671 -1.87) (end 1.671 -0.84) (layer F.SilkS) (width 0.12))
    (fp_line (start 1.671 0.84) (end 1.671 1.87) (layer F.SilkS) (width 0.12))
    (fp_line (start 1.711 -1.851) (end 1.711 -0.84) (layer F.SilkS) (width 0.12))
    (fp_line (start 1.711 0.84) (end 1.711 1.851) (layer F.SilkS) (width 0.12))
    (fp_line (start 1.751 -1.83) (end 1.751 -0.84) (layer F.SilkS) (width 0.12))
    (fp_line (start 1.751 0.84) (end 1.751 1.83) (layer F.SilkS) (width 0.12))
    (fp_line (start 1.791 -1.808) (end 1.791 -0.84) (layer F.SilkS) (width 0.12))
    (fp_line (start 1.791 0.84) (end 1.791 1.808) (layer F.SilkS) (width 0.12))
    (fp_line (start 1.831 -1.785) (end 1.831 -0.84) (layer F.SilkS) (width 0.12))
    (fp_line (start 1.831 0.84) (end 1.831 1.785) (layer F.SilkS) (width 0.12))
    (fp_line (start 1.871 -1.76) (end 1.871 -0.84) (layer F.SilkS) (width 0.12))
    (fp_line (start 1.871 0.84) (end 1.871 1.76) (layer F.SilkS) (width 0.12))
    (fp_line (start 1.911 -1.735) (end 1.911 -0.84) (layer F.SilkS) (width 0.12))
    (fp_line (start 1.911 0.84) (end 1.911 1.735) (layer F.SilkS) (width 0.12))
    (fp_line (start 1.951 -1.708) (end 1.951 -0.84) (layer F.SilkS) (width 0.12))
    (fp_line (start 1.951 0.84) (end 1.951 1.708) (layer F.SilkS) (width 0.12))
    (fp_line (start 1.991 -1.68) (end 1.991 -0.84) (layer F.SilkS) (width 0.12))
    (fp_line (start 1.991 0.84) (end 1.991 1.68) (layer F.SilkS) (width 0.12))
    (fp_line (start 2.031 -1.65) (end 2.031 -0.84) (layer F.SilkS) (width 0.12))
    (fp_line (start 2.031 0.84) (end 2.031 1.65) (layer F.SilkS) (width 0.12))
    (fp_line (start 2.071 -1.619) (end 2.071 -0.84) (layer F.SilkS) (width 0.12))
    (fp_line (start 2.071 0.84) (end 2.071 1.619) (layer F.SilkS) (width 0.12))
    (fp_line (start 2.111 -1.587) (end 2.111 -0.84) (layer F.SilkS) (width 0.12))
    (fp_line (start 2.111 0.84) (end 2.111 1.587) (layer F.SilkS) (width 0.12))
    (fp_line (start 2.151 -1.552) (end 2.151 -0.84) (layer F.SilkS) (width 0.12))
    (fp_line (start 2.151 0.84) (end 2.151 1.552) (layer F.SilkS) (width 0.12))
    (fp_line (start 2.191 -1.516) (end 2.191 -0.84) (layer F.SilkS) (width 0.12))
    (fp_line (start 2.191 0.84) (end 2.191 1.516) (layer F.SilkS) (width 0.12))
    (fp_line (start 2.231 -1.478) (end 2.231 -0.84) (layer F.SilkS) (width 0.12))
    (fp_line (start 2.231 0.84) (end 2.231 1.478) (layer F.SilkS) (width 0.12))
    (fp_line (start 2.271 -1.438) (end 2.271 -0.84) (layer F.SilkS) (width 0.12))
    (fp_line (start 2.271 0.84) (end 2.271 1.438) (layer F.SilkS) (width 0.12))
    (fp_line (start 2.311 -1.396) (end 2.311 -0.84) (layer F.SilkS) (width 0.12))
    (fp_line (start 2.311 0.84) (end 2.311 1.396) (layer F.SilkS) (width 0.12))
    (fp_line (start 2.351 -1.351) (end 2.351 1.351) (layer F.SilkS) (width 0.12))
    (fp_line (start 2.391 -1.304) (end 2.391 1.304) (layer F.SilkS) (width 0.12))
    (fp_line (start 2.431 -1.254) (end 2.431 1.254) (layer F.SilkS) (width 0.12))
    (fp_line (start 2.471 -1.2) (end 2.471 1.2) (layer F.SilkS) (width 0.12))
    (fp_line (start 2.511 -1.142) (end 2.511 1.142) (layer F.SilkS) (width 0.12))
    (fp_line (start 2.551 -1.08) (end 2.551 1.08) (layer F.SilkS) (width 0.12))
    (fp_line (start 2.591 -1.013) (end 2.591 1.013) (layer F.SilkS) (width 0.12))
    (fp_line (start 2.631 -0.94) (end 2.631 0.94) (layer F.SilkS) (width 0.12))
    (fp_line (start 2.671 -0.859) (end 2.671 0.859) (layer F.SilkS) (width 0.12))
    (fp_line (start 2.711 -0.768) (end 2.711 0.768) (layer F.SilkS) (width 0.12))
    (fp_line (start 2.751 -0.664) (end 2.751 0.664) (layer F.SilkS) (width 0.12))
    (fp_line (start 2.791 -0.537) (end 2.791 0.537) (layer F.SilkS) (width 0.12))
    (fp_line (start 2.831 -0.37) (end 2.831 0.37) (layer F.SilkS) (width 0.12))
    (fp_line (start -1.519801 -1.195) (end -1.119801 -1.195) (layer F.SilkS) (width 0.12))
    (fp_line (start -1.319801 -1.395) (end -1.319801 -0.995) (layer F.SilkS) (width 0.12))
    (fp_text user %R (at 0.75 0 270) (layer F.Fab)
      (effects (font (size 0.8 0.8) (thickness 0.12)))
    )
    (pad 1 thru_hole rect (at 0 0 270) (size 1.2 1.2) (drill 0.6) (layers *.Cu *.Mask)
      (net 1 "Net-(C1-Pad1)"))
    (pad 2 thru_hole circle (at 1.5 0 270) (size 1.2 1.2) (drill 0.6) (layers *.Cu *.Mask)
      (net 2 GND))
    (model ${KISYS3DMOD}/Capacitor_THT.3dshapes/CP_Radial_D4.0mm_P1.50mm.wrl
      (at (xyz 0 0 0))
      (scale (xyz 1 1 1))
      (rotate (xyz 0 0 0))
    )
  )

  (module LED_THT:LED_D5.0mm (layer F.Cu) (tedit 5995936A) (tstamp 5BB09C72)
    (at 80.01 59.69)
    (descr "LED, diameter 5.0mm, 2 pins, http://cdn-reichelt.de/documents/datenblatt/A500/LL-504BC2E-009.pdf")
    (tags "LED diameter 5.0mm 2 pins")
    (path /5BAB44C8)
    (fp_text reference D1 (at 1.27 -3.96) (layer F.SilkS)
      (effects (font (size 1 1) (thickness 0.15)))
    )
    (fp_text value LED (at 1.27 3.96) (layer F.Fab)
      (effects (font (size 1 1) (thickness 0.15)))
    )
    (fp_text user %R (at 1.25 0) (layer F.Fab)
      (effects (font (size 0.8 0.8) (thickness 0.2)))
    )
    (fp_line (start 4.5 -3.25) (end -1.95 -3.25) (layer F.CrtYd) (width 0.05))
    (fp_line (start 4.5 3.25) (end 4.5 -3.25) (layer F.CrtYd) (width 0.05))
    (fp_line (start -1.95 3.25) (end 4.5 3.25) (layer F.CrtYd) (width 0.05))
    (fp_line (start -1.95 -3.25) (end -1.95 3.25) (layer F.CrtYd) (width 0.05))
    (fp_line (start -1.29 -1.545) (end -1.29 1.545) (layer F.SilkS) (width 0.12))
    (fp_line (start -1.23 -1.469694) (end -1.23 1.469694) (layer F.Fab) (width 0.1))
    (fp_circle (center 1.27 0) (end 3.77 0) (layer F.SilkS) (width 0.12))
    (fp_circle (center 1.27 0) (end 3.77 0) (layer F.Fab) (width 0.1))
    (fp_arc (start 1.27 0) (end -1.29 1.54483) (angle -148.9) (layer F.SilkS) (width 0.12))
    (fp_arc (start 1.27 0) (end -1.29 -1.54483) (angle 148.9) (layer F.SilkS) (width 0.12))
    (fp_arc (start 1.27 0) (end -1.23 -1.469694) (angle 299.1) (layer F.Fab) (width 0.1))
    (pad 2 thru_hole circle (at 2.54 0) (size 1.8 1.8) (drill 0.9) (layers *.Cu *.Mask)
      (net 3 "Net-(D1-Pad2)"))
    (pad 1 thru_hole rect (at 0 0) (size 1.8 1.8) (drill 0.9) (layers *.Cu *.Mask)
      (net 2 GND))
    (model ${KISYS3DMOD}/LED_THT.3dshapes/LED_D5.0mm.wrl
      (at (xyz 0 0 0))
      (scale (xyz 1 1 1))
      (rotate (xyz 0 0 0))
    )
  )

  (module LED_THT:LED_D5.0mm (layer F.Cu) (tedit 5995936A) (tstamp 5BB0921F)
    (at 67.31 88.9)
    (descr "LED, diameter 5.0mm, 2 pins, http://cdn-reichelt.de/documents/datenblatt/A500/LL-504BC2E-009.pdf")
    (tags "LED diameter 5.0mm 2 pins")
    (path /5BABE0DF)
    (fp_text reference D2 (at 1.27 -3.96) (layer F.SilkS)
      (effects (font (size 1 1) (thickness 0.15)))
    )
    (fp_text value LED (at 1.27 3.96) (layer F.Fab)
      (effects (font (size 1 1) (thickness 0.15)))
    )
    (fp_arc (start 1.27 0) (end -1.23 -1.469694) (angle 299.1) (layer F.Fab) (width 0.1))
    (fp_arc (start 1.27 0) (end -1.29 -1.54483) (angle 148.9) (layer F.SilkS) (width 0.12))
    (fp_arc (start 1.27 0) (end -1.29 1.54483) (angle -148.9) (layer F.SilkS) (width 0.12))
    (fp_circle (center 1.27 0) (end 3.77 0) (layer F.Fab) (width 0.1))
    (fp_circle (center 1.27 0) (end 3.77 0) (layer F.SilkS) (width 0.12))
    (fp_line (start -1.23 -1.469694) (end -1.23 1.469694) (layer F.Fab) (width 0.1))
    (fp_line (start -1.29 -1.545) (end -1.29 1.545) (layer F.SilkS) (width 0.12))
    (fp_line (start -1.95 -3.25) (end -1.95 3.25) (layer F.CrtYd) (width 0.05))
    (fp_line (start -1.95 3.25) (end 4.5 3.25) (layer F.CrtYd) (width 0.05))
    (fp_line (start 4.5 3.25) (end 4.5 -3.25) (layer F.CrtYd) (width 0.05))
    (fp_line (start 4.5 -3.25) (end -1.95 -3.25) (layer F.CrtYd) (width 0.05))
    (fp_text user %R (at 1.25 0) (layer F.Fab)
      (effects (font (size 0.8 0.8) (thickness 0.2)))
    )
    (pad 1 thru_hole rect (at 0 0) (size 1.8 1.8) (drill 0.9) (layers *.Cu *.Mask)
      (net 2 GND))
    (pad 2 thru_hole circle (at 2.54 0) (size 1.8 1.8) (drill 0.9) (layers *.Cu *.Mask)
      (net 4 "Net-(D2-Pad2)"))
    (model ${KISYS3DMOD}/LED_THT.3dshapes/LED_D5.0mm.wrl
      (at (xyz 0 0 0))
      (scale (xyz 1 1 1))
      (rotate (xyz 0 0 0))
    )
  )

  (module LED_THT:LED_D5.0mm (layer F.Cu) (tedit 5995936A) (tstamp 5BB091EC)
    (at 80.01 118.11)
    (descr "LED, diameter 5.0mm, 2 pins, http://cdn-reichelt.de/documents/datenblatt/A500/LL-504BC2E-009.pdf")
    (tags "LED diameter 5.0mm 2 pins")
    (path /5BAC191B)
    (fp_text reference D3 (at 1.27 -3.96) (layer F.SilkS)
      (effects (font (size 1 1) (thickness 0.15)))
    )
    (fp_text value LED (at 1.27 3.96) (layer F.Fab)
      (effects (font (size 1 1) (thickness 0.15)))
    )
    (fp_text user %R (at 1.25 0) (layer F.Fab)
      (effects (font (size 0.8 0.8) (thickness 0.2)))
    )
    (fp_line (start 4.5 -3.25) (end -1.95 -3.25) (layer F.CrtYd) (width 0.05))
    (fp_line (start 4.5 3.25) (end 4.5 -3.25) (layer F.CrtYd) (width 0.05))
    (fp_line (start -1.95 3.25) (end 4.5 3.25) (layer F.CrtYd) (width 0.05))
    (fp_line (start -1.95 -3.25) (end -1.95 3.25) (layer F.CrtYd) (width 0.05))
    (fp_line (start -1.29 -1.545) (end -1.29 1.545) (layer F.SilkS) (width 0.12))
    (fp_line (start -1.23 -1.469694) (end -1.23 1.469694) (layer F.Fab) (width 0.1))
    (fp_circle (center 1.27 0) (end 3.77 0) (layer F.SilkS) (width 0.12))
    (fp_circle (center 1.27 0) (end 3.77 0) (layer F.Fab) (width 0.1))
    (fp_arc (start 1.27 0) (end -1.29 1.54483) (angle -148.9) (layer F.SilkS) (width 0.12))
    (fp_arc (start 1.27 0) (end -1.29 -1.54483) (angle 148.9) (layer F.SilkS) (width 0.12))
    (fp_arc (start 1.27 0) (end -1.23 -1.469694) (angle 299.1) (layer F.Fab) (width 0.1))
    (pad 2 thru_hole circle (at 2.54 0) (size 1.8 1.8) (drill 0.9) (layers *.Cu *.Mask)
      (net 5 "Net-(D3-Pad2)"))
    (pad 1 thru_hole rect (at 0 0) (size 1.8 1.8) (drill 0.9) (layers *.Cu *.Mask)
      (net 2 GND))
    (model ${KISYS3DMOD}/LED_THT.3dshapes/LED_D5.0mm.wrl
      (at (xyz 0 0 0))
      (scale (xyz 1 1 1))
      (rotate (xyz 0 0 0))
    )
  )

  (module LED_THT:LED_D5.0mm (layer F.Cu) (tedit 5995936A) (tstamp 5BB0995D)
    (at 109.22 130.81)
    (descr "LED, diameter 5.0mm, 2 pins, http://cdn-reichelt.de/documents/datenblatt/A500/LL-504BC2E-009.pdf")
    (tags "LED diameter 5.0mm 2 pins")
    (path /5BAC55C1)
    (fp_text reference D4 (at 1.27 -3.96) (layer F.SilkS)
      (effects (font (size 1 1) (thickness 0.15)))
    )
    (fp_text value LED (at 1.27 3.96) (layer F.Fab)
      (effects (font (size 1 1) (thickness 0.15)))
    )
    (fp_arc (start 1.27 0) (end -1.23 -1.469694) (angle 299.1) (layer F.Fab) (width 0.1))
    (fp_arc (start 1.27 0) (end -1.29 -1.54483) (angle 148.9) (layer F.SilkS) (width 0.12))
    (fp_arc (start 1.27 0) (end -1.29 1.54483) (angle -148.9) (layer F.SilkS) (width 0.12))
    (fp_circle (center 1.27 0) (end 3.77 0) (layer F.Fab) (width 0.1))
    (fp_circle (center 1.27 0) (end 3.77 0) (layer F.SilkS) (width 0.12))
    (fp_line (start -1.23 -1.469694) (end -1.23 1.469694) (layer F.Fab) (width 0.1))
    (fp_line (start -1.29 -1.545) (end -1.29 1.545) (layer F.SilkS) (width 0.12))
    (fp_line (start -1.95 -3.25) (end -1.95 3.25) (layer F.CrtYd) (width 0.05))
    (fp_line (start -1.95 3.25) (end 4.5 3.25) (layer F.CrtYd) (width 0.05))
    (fp_line (start 4.5 3.25) (end 4.5 -3.25) (layer F.CrtYd) (width 0.05))
    (fp_line (start 4.5 -3.25) (end -1.95 -3.25) (layer F.CrtYd) (width 0.05))
    (fp_text user %R (at 1.25 0) (layer F.Fab)
      (effects (font (size 0.8 0.8) (thickness 0.2)))
    )
    (pad 1 thru_hole rect (at 0 0) (size 1.8 1.8) (drill 0.9) (layers *.Cu *.Mask)
      (net 2 GND))
    (pad 2 thru_hole circle (at 2.54 0) (size 1.8 1.8) (drill 0.9) (layers *.Cu *.Mask)
      (net 6 "Net-(D4-Pad2)"))
    (model ${KISYS3DMOD}/LED_THT.3dshapes/LED_D5.0mm.wrl
      (at (xyz 0 0 0))
      (scale (xyz 1 1 1))
      (rotate (xyz 0 0 0))
    )
  )

  (module LED_THT:LED_D5.0mm (layer F.Cu) (tedit 5995936A) (tstamp 5BB09A3B)
    (at 138.43 119.38)
    (descr "LED, diameter 5.0mm, 2 pins, http://cdn-reichelt.de/documents/datenblatt/A500/LL-504BC2E-009.pdf")
    (tags "LED diameter 5.0mm 2 pins")
    (path /5BAC96E7)
    (fp_text reference D5 (at 1.27 -3.96) (layer F.SilkS)
      (effects (font (size 1 1) (thickness 0.15)))
    )
    (fp_text value LED (at 1.27 3.96) (layer F.Fab)
      (effects (font (size 1 1) (thickness 0.15)))
    )
    (fp_arc (start 1.27 0) (end -1.23 -1.469694) (angle 299.1) (layer F.Fab) (width 0.1))
    (fp_arc (start 1.27 0) (end -1.29 -1.54483) (angle 148.9) (layer F.SilkS) (width 0.12))
    (fp_arc (start 1.27 0) (end -1.29 1.54483) (angle -148.9) (layer F.SilkS) (width 0.12))
    (fp_circle (center 1.27 0) (end 3.77 0) (layer F.Fab) (width 0.1))
    (fp_circle (center 1.27 0) (end 3.77 0) (layer F.SilkS) (width 0.12))
    (fp_line (start -1.23 -1.469694) (end -1.23 1.469694) (layer F.Fab) (width 0.1))
    (fp_line (start -1.29 -1.545) (end -1.29 1.545) (layer F.SilkS) (width 0.12))
    (fp_line (start -1.95 -3.25) (end -1.95 3.25) (layer F.CrtYd) (width 0.05))
    (fp_line (start -1.95 3.25) (end 4.5 3.25) (layer F.CrtYd) (width 0.05))
    (fp_line (start 4.5 3.25) (end 4.5 -3.25) (layer F.CrtYd) (width 0.05))
    (fp_line (start 4.5 -3.25) (end -1.95 -3.25) (layer F.CrtYd) (width 0.05))
    (fp_text user %R (at 1.25 0) (layer F.Fab)
      (effects (font (size 0.8 0.8) (thickness 0.2)))
    )
    (pad 1 thru_hole rect (at 0 0) (size 1.8 1.8) (drill 0.9) (layers *.Cu *.Mask)
      (net 2 GND))
    (pad 2 thru_hole circle (at 2.54 0) (size 1.8 1.8) (drill 0.9) (layers *.Cu *.Mask)
      (net 7 "Net-(D5-Pad2)"))
    (model ${KISYS3DMOD}/LED_THT.3dshapes/LED_D5.0mm.wrl
      (at (xyz 0 0 0))
      (scale (xyz 1 1 1))
      (rotate (xyz 0 0 0))
    )
  )

  (module LED_THT:LED_D5.0mm (layer F.Cu) (tedit 5995936A) (tstamp 5BB09A08)
    (at 151.13 88.9)
    (descr "LED, diameter 5.0mm, 2 pins, http://cdn-reichelt.de/documents/datenblatt/A500/LL-504BC2E-009.pdf")
    (tags "LED diameter 5.0mm 2 pins")
    (path /5BACDCBB)
    (fp_text reference D6 (at 1.27 -3.96) (layer F.SilkS)
      (effects (font (size 1 1) (thickness 0.15)))
    )
    (fp_text value LED (at 1.27 3.96) (layer F.Fab)
      (effects (font (size 1 1) (thickness 0.15)))
    )
    (fp_text user %R (at 1.25 0) (layer F.Fab)
      (effects (font (size 0.8 0.8) (thickness 0.2)))
    )
    (fp_line (start 4.5 -3.25) (end -1.95 -3.25) (layer F.CrtYd) (width 0.05))
    (fp_line (start 4.5 3.25) (end 4.5 -3.25) (layer F.CrtYd) (width 0.05))
    (fp_line (start -1.95 3.25) (end 4.5 3.25) (layer F.CrtYd) (width 0.05))
    (fp_line (start -1.95 -3.25) (end -1.95 3.25) (layer F.CrtYd) (width 0.05))
    (fp_line (start -1.29 -1.545) (end -1.29 1.545) (layer F.SilkS) (width 0.12))
    (fp_line (start -1.23 -1.469694) (end -1.23 1.469694) (layer F.Fab) (width 0.1))
    (fp_circle (center 1.27 0) (end 3.77 0) (layer F.SilkS) (width 0.12))
    (fp_circle (center 1.27 0) (end 3.77 0) (layer F.Fab) (width 0.1))
    (fp_arc (start 1.27 0) (end -1.29 1.54483) (angle -148.9) (layer F.SilkS) (width 0.12))
    (fp_arc (start 1.27 0) (end -1.29 -1.54483) (angle 148.9) (layer F.SilkS) (width 0.12))
    (fp_arc (start 1.27 0) (end -1.23 -1.469694) (angle 299.1) (layer F.Fab) (width 0.1))
    (pad 2 thru_hole circle (at 2.54 0) (size 1.8 1.8) (drill 0.9) (layers *.Cu *.Mask)
      (net 8 "Net-(D6-Pad2)"))
    (pad 1 thru_hole rect (at 0 0) (size 1.8 1.8) (drill 0.9) (layers *.Cu *.Mask)
      (net 2 GND))
    (model ${KISYS3DMOD}/LED_THT.3dshapes/LED_D5.0mm.wrl
      (at (xyz 0 0 0))
      (scale (xyz 1 1 1))
      (rotate (xyz 0 0 0))
    )
  )

  (module LED_THT:LED_D5.0mm (layer F.Cu) (tedit 5995936A) (tstamp 5BB09564)
    (at 138.43 59.69)
    (descr "LED, diameter 5.0mm, 2 pins, http://cdn-reichelt.de/documents/datenblatt/A500/LL-504BC2E-009.pdf")
    (tags "LED diameter 5.0mm 2 pins")
    (path /5BAD2733)
    (fp_text reference D7 (at 1.27 -3.96) (layer F.SilkS)
      (effects (font (size 1 1) (thickness 0.15)))
    )
    (fp_text value LED (at 1.27 3.96) (layer F.Fab)
      (effects (font (size 1 1) (thickness 0.15)))
    )
    (fp_arc (start 1.27 0) (end -1.23 -1.469694) (angle 299.1) (layer F.Fab) (width 0.1))
    (fp_arc (start 1.27 0) (end -1.29 -1.54483) (angle 148.9) (layer F.SilkS) (width 0.12))
    (fp_arc (start 1.27 0) (end -1.29 1.54483) (angle -148.9) (layer F.SilkS) (width 0.12))
    (fp_circle (center 1.27 0) (end 3.77 0) (layer F.Fab) (width 0.1))
    (fp_circle (center 1.27 0) (end 3.77 0) (layer F.SilkS) (width 0.12))
    (fp_line (start -1.23 -1.469694) (end -1.23 1.469694) (layer F.Fab) (width 0.1))
    (fp_line (start -1.29 -1.545) (end -1.29 1.545) (layer F.SilkS) (width 0.12))
    (fp_line (start -1.95 -3.25) (end -1.95 3.25) (layer F.CrtYd) (width 0.05))
    (fp_line (start -1.95 3.25) (end 4.5 3.25) (layer F.CrtYd) (width 0.05))
    (fp_line (start 4.5 3.25) (end 4.5 -3.25) (layer F.CrtYd) (width 0.05))
    (fp_line (start 4.5 -3.25) (end -1.95 -3.25) (layer F.CrtYd) (width 0.05))
    (fp_text user %R (at 1.25 0) (layer F.Fab)
      (effects (font (size 0.8 0.8) (thickness 0.2)))
    )
    (pad 1 thru_hole rect (at 0 0) (size 1.8 1.8) (drill 0.9) (layers *.Cu *.Mask)
      (net 2 GND))
    (pad 2 thru_hole circle (at 2.54 0) (size 1.8 1.8) (drill 0.9) (layers *.Cu *.Mask)
      (net 9 "Net-(D7-Pad2)"))
    (model ${KISYS3DMOD}/LED_THT.3dshapes/LED_D5.0mm.wrl
      (at (xyz 0 0 0))
      (scale (xyz 1 1 1))
      (rotate (xyz 0 0 0))
    )
  )

  (module LED_THT:LED_D5.0mm (layer F.Cu) (tedit 5995936A) (tstamp 5BB09990)
    (at 109.22 46.99)
    (descr "LED, diameter 5.0mm, 2 pins, http://cdn-reichelt.de/documents/datenblatt/A500/LL-504BC2E-009.pdf")
    (tags "LED diameter 5.0mm 2 pins")
    (path /5BAD7873)
    (fp_text reference D8 (at 1.27 -3.96) (layer F.SilkS)
      (effects (font (size 1 1) (thickness 0.15)))
    )
    (fp_text value LED (at 1.27 3.96) (layer F.Fab)
      (effects (font (size 1 1) (thickness 0.15)))
    )
    (fp_text user %R (at 1.25 0) (layer F.Fab)
      (effects (font (size 0.8 0.8) (thickness 0.2)))
    )
    (fp_line (start 4.5 -3.25) (end -1.95 -3.25) (layer F.CrtYd) (width 0.05))
    (fp_line (start 4.5 3.25) (end 4.5 -3.25) (layer F.CrtYd) (width 0.05))
    (fp_line (start -1.95 3.25) (end 4.5 3.25) (layer F.CrtYd) (width 0.05))
    (fp_line (start -1.95 -3.25) (end -1.95 3.25) (layer F.CrtYd) (width 0.05))
    (fp_line (start -1.29 -1.545) (end -1.29 1.545) (layer F.SilkS) (width 0.12))
    (fp_line (start -1.23 -1.469694) (end -1.23 1.469694) (layer F.Fab) (width 0.1))
    (fp_circle (center 1.27 0) (end 3.77 0) (layer F.SilkS) (width 0.12))
    (fp_circle (center 1.27 0) (end 3.77 0) (layer F.Fab) (width 0.1))
    (fp_arc (start 1.27 0) (end -1.29 1.54483) (angle -148.9) (layer F.SilkS) (width 0.12))
    (fp_arc (start 1.27 0) (end -1.29 -1.54483) (angle 148.9) (layer F.SilkS) (width 0.12))
    (fp_arc (start 1.27 0) (end -1.23 -1.469694) (angle 299.1) (layer F.Fab) (width 0.1))
    (pad 2 thru_hole circle (at 2.54 0) (size 1.8 1.8) (drill 0.9) (layers *.Cu *.Mask)
      (net 10 "Net-(D8-Pad2)"))
    (pad 1 thru_hole rect (at 0 0) (size 1.8 1.8) (drill 0.9) (layers *.Cu *.Mask)
      (net 2 GND))
    (model ${KISYS3DMOD}/LED_THT.3dshapes/LED_D5.0mm.wrl
      (at (xyz 0 0 0))
      (scale (xyz 1 1 1))
      (rotate (xyz 0 0 0))
    )
  )

  (module Package_TO_SOT_THT:TO-92L_Inline (layer F.Cu) (tedit 5A279A44) (tstamp 5BB0DE26)
    (at 101.6 66.04 90)
    (descr "TO-92L leads in-line (large body variant of TO-92), also known as TO-226, wide, drill 0.75mm (see https://www.diodes.com/assets/Package-Files/TO92L.pdf and http://www.ti.com/lit/an/snoa059/snoa059.pdf)")
    (tags "TO-92L Inline Wide transistor")
    (path /5BB15809)
    (fp_text reference Q1 (at 1.19 -3.56 90) (layer F.SilkS)
      (effects (font (size 1 1) (thickness 0.15)))
    )
    (fp_text value Q_NPN_EBC (at 1.19 2.79 90) (layer F.Fab)
      (effects (font (size 1 1) (thickness 0.15)))
    )
    (fp_text user %R (at 1.19 -3.56 90) (layer F.Fab)
      (effects (font (size 1 1) (thickness 0.15)))
    )
    (fp_line (start -0.75 1.7) (end 3.1 1.7) (layer F.SilkS) (width 0.12))
    (fp_line (start -0.7 1.6) (end 3.05 1.6) (layer F.Fab) (width 0.1))
    (fp_line (start -1.55 -2.75) (end 3.95 -2.75) (layer F.CrtYd) (width 0.05))
    (fp_line (start -1.55 -2.75) (end -1.55 1.85) (layer F.CrtYd) (width 0.05))
    (fp_line (start 3.95 1.85) (end 3.95 -2.75) (layer F.CrtYd) (width 0.05))
    (fp_line (start 3.95 1.85) (end -1.55 1.85) (layer F.CrtYd) (width 0.05))
    (fp_arc (start 1.19 0) (end -0.75 1.7) (angle 262.164354) (layer F.SilkS) (width 0.12))
    (fp_arc (start 1.19 0) (end 1.19 -2.48) (angle 129.9527847) (layer F.Fab) (width 0.1))
    (fp_arc (start 1.19 0) (end 1.19 -2.48) (angle -130.2499344) (layer F.Fab) (width 0.1))
    (pad 2 thru_hole roundrect (at 1.27 0 90) (size 1.05 1.5) (drill 0.75) (layers *.Cu *.Mask) (roundrect_rratio 0.25)
      (net 12 "Net-(Q1-Pad2)"))
    (pad 3 thru_hole roundrect (at 2.54 0 90) (size 1.05 1.5) (drill 0.75) (layers *.Cu *.Mask) (roundrect_rratio 0.25)
      (net 32 "Net-(Q1-Pad3)"))
    (pad 1 thru_hole rect (at 0 0 90) (size 1.05 1.5) (drill 0.75) (layers *.Cu *.Mask)
      (net 2 GND))
    (model ${KISYS3DMOD}/Package_TO_SOT_THT.3dshapes/TO-92L_Inline.wrl
      (at (xyz 0 0 0))
      (scale (xyz 1 1 1))
      (rotate (xyz 0 0 0))
    )
  )

  (module Package_TO_SOT_THT:TO-92L_Inline (layer F.Cu) (tedit 5A279A44) (tstamp 5BB09377)
    (at 101.6 82.55 90)
    (descr "TO-92L leads in-line (large body variant of TO-92), also known as TO-226, wide, drill 0.75mm (see https://www.diodes.com/assets/Package-Files/TO92L.pdf and http://www.ti.com/lit/an/snoa059/snoa059.pdf)")
    (tags "TO-92L Inline Wide transistor")
    (path /5BB15A44)
    (fp_text reference Q2 (at 1.19 -3.56 90) (layer F.SilkS)
      (effects (font (size 1 1) (thickness 0.15)))
    )
    (fp_text value Q_NPN_EBC (at 1.19 2.79 90) (layer F.Fab)
      (effects (font (size 1 1) (thickness 0.15)))
    )
    (fp_text user %R (at 1.19 -3.56 90) (layer F.Fab)
      (effects (font (size 1 1) (thickness 0.15)))
    )
    (fp_line (start -0.75 1.7) (end 3.1 1.7) (layer F.SilkS) (width 0.12))
    (fp_line (start -0.7 1.6) (end 3.05 1.6) (layer F.Fab) (width 0.1))
    (fp_line (start -1.55 -2.75) (end 3.95 -2.75) (layer F.CrtYd) (width 0.05))
    (fp_line (start -1.55 -2.75) (end -1.55 1.85) (layer F.CrtYd) (width 0.05))
    (fp_line (start 3.95 1.85) (end 3.95 -2.75) (layer F.CrtYd) (width 0.05))
    (fp_line (start 3.95 1.85) (end -1.55 1.85) (layer F.CrtYd) (width 0.05))
    (fp_arc (start 1.19 0) (end -0.75 1.7) (angle 262.164354) (layer F.SilkS) (width 0.12))
    (fp_arc (start 1.19 0) (end 1.19 -2.48) (angle 129.9527847) (layer F.Fab) (width 0.1))
    (fp_arc (start 1.19 0) (end 1.19 -2.48) (angle -130.2499344) (layer F.Fab) (width 0.1))
    (pad 2 thru_hole roundrect (at 1.27 0 90) (size 1.05 1.5) (drill 0.75) (layers *.Cu *.Mask) (roundrect_rratio 0.25)
      (net 13 "Net-(Q2-Pad2)"))
    (pad 3 thru_hole roundrect (at 2.54 0 90) (size 1.05 1.5) (drill 0.75) (layers *.Cu *.Mask) (roundrect_rratio 0.25)
      (net 33 "Net-(Q2-Pad3)"))
    (pad 1 thru_hole rect (at 0 0 90) (size 1.05 1.5) (drill 0.75) (layers *.Cu *.Mask)
      (net 2 GND))
    (model ${KISYS3DMOD}/Package_TO_SOT_THT.3dshapes/TO-92L_Inline.wrl
      (at (xyz 0 0 0))
      (scale (xyz 1 1 1))
      (rotate (xyz 0 0 0))
    )
  )

  (module Package_TO_SOT_THT:TO-92L_Inline (layer F.Cu) (tedit 5A279A44) (tstamp 5BB118C1)
    (at 118.11 66.04 90)
    (descr "TO-92L leads in-line (large body variant of TO-92), also known as TO-226, wide, drill 0.75mm (see https://www.diodes.com/assets/Package-Files/TO92L.pdf and http://www.ti.com/lit/an/snoa059/snoa059.pdf)")
    (tags "TO-92L Inline Wide transistor")
    (path /5BB15AF7)
    (fp_text reference Q3 (at 1.19 -3.56 90) (layer F.SilkS)
      (effects (font (size 1 1) (thickness 0.15)))
    )
    (fp_text value Q_NPN_EBC (at 1.19 2.79 90) (layer F.Fab)
      (effects (font (size 1 1) (thickness 0.15)))
    )
    (fp_arc (start 1.19 0) (end 1.19 -2.48) (angle -130.2499344) (layer F.Fab) (width 0.1))
    (fp_arc (start 1.19 0) (end 1.19 -2.48) (angle 129.9527847) (layer F.Fab) (width 0.1))
    (fp_arc (start 1.19 0) (end -0.75 1.7) (angle 262.164354) (layer F.SilkS) (width 0.12))
    (fp_line (start 3.95 1.85) (end -1.55 1.85) (layer F.CrtYd) (width 0.05))
    (fp_line (start 3.95 1.85) (end 3.95 -2.75) (layer F.CrtYd) (width 0.05))
    (fp_line (start -1.55 -2.75) (end -1.55 1.85) (layer F.CrtYd) (width 0.05))
    (fp_line (start -1.55 -2.75) (end 3.95 -2.75) (layer F.CrtYd) (width 0.05))
    (fp_line (start -0.7 1.6) (end 3.05 1.6) (layer F.Fab) (width 0.1))
    (fp_line (start -0.75 1.7) (end 3.1 1.7) (layer F.SilkS) (width 0.12))
    (fp_text user %R (at 1.19 -3.56 90) (layer F.Fab)
      (effects (font (size 1 1) (thickness 0.15)))
    )
    (pad 1 thru_hole rect (at 0 0 90) (size 1.05 1.5) (drill 0.75) (layers *.Cu *.Mask)
      (net 2 GND))
    (pad 3 thru_hole roundrect (at 2.54 0 90) (size 1.05 1.5) (drill 0.75) (layers *.Cu *.Mask) (roundrect_rratio 0.25)
      (net 34 "Net-(Q3-Pad3)"))
    (pad 2 thru_hole roundrect (at 1.27 0 90) (size 1.05 1.5) (drill 0.75) (layers *.Cu *.Mask) (roundrect_rratio 0.25)
      (net 14 "Net-(Q3-Pad2)"))
    (model ${KISYS3DMOD}/Package_TO_SOT_THT.3dshapes/TO-92L_Inline.wrl
      (at (xyz 0 0 0))
      (scale (xyz 1 1 1))
      (rotate (xyz 0 0 0))
    )
  )

  (module Package_TO_SOT_THT:TO-92L_Inline (layer F.Cu) (tedit 5A279A44) (tstamp 5BB09881)
    (at 128.27 87.63 90)
    (descr "TO-92L leads in-line (large body variant of TO-92), also known as TO-226, wide, drill 0.75mm (see https://www.diodes.com/assets/Package-Files/TO92L.pdf and http://www.ti.com/lit/an/snoa059/snoa059.pdf)")
    (tags "TO-92L Inline Wide transistor")
    (path /5BB15B96)
    (fp_text reference Q4 (at 1.19 -3.56 90) (layer F.SilkS)
      (effects (font (size 1 1) (thickness 0.15)))
    )
    (fp_text value Q_NPN_EBC (at 1.19 2.79 90) (layer F.Fab)
      (effects (font (size 1 1) (thickness 0.15)))
    )
    (fp_arc (start 1.19 0) (end 1.19 -2.48) (angle -130.2499344) (layer F.Fab) (width 0.1))
    (fp_arc (start 1.19 0) (end 1.19 -2.48) (angle 129.9527847) (layer F.Fab) (width 0.1))
    (fp_arc (start 1.19 0) (end -0.75 1.7) (angle 262.164354) (layer F.SilkS) (width 0.12))
    (fp_line (start 3.95 1.85) (end -1.55 1.85) (layer F.CrtYd) (width 0.05))
    (fp_line (start 3.95 1.85) (end 3.95 -2.75) (layer F.CrtYd) (width 0.05))
    (fp_line (start -1.55 -2.75) (end -1.55 1.85) (layer F.CrtYd) (width 0.05))
    (fp_line (start -1.55 -2.75) (end 3.95 -2.75) (layer F.CrtYd) (width 0.05))
    (fp_line (start -0.7 1.6) (end 3.05 1.6) (layer F.Fab) (width 0.1))
    (fp_line (start -0.75 1.7) (end 3.1 1.7) (layer F.SilkS) (width 0.12))
    (fp_text user %R (at 1.19 -3.56 90) (layer F.Fab)
      (effects (font (size 1 1) (thickness 0.15)))
    )
    (pad 1 thru_hole rect (at 0 0 90) (size 1.05 1.5) (drill 0.75) (layers *.Cu *.Mask)
      (net 2 GND))
    (pad 3 thru_hole roundrect (at 2.54 0 90) (size 1.05 1.5) (drill 0.75) (layers *.Cu *.Mask) (roundrect_rratio 0.25)
      (net 35 "Net-(Q4-Pad3)"))
    (pad 2 thru_hole roundrect (at 1.27 0 90) (size 1.05 1.5) (drill 0.75) (layers *.Cu *.Mask) (roundrect_rratio 0.25)
      (net 15 "Net-(Q4-Pad2)"))
    (model ${KISYS3DMOD}/Package_TO_SOT_THT.3dshapes/TO-92L_Inline.wrl
      (at (xyz 0 0 0))
      (scale (xyz 1 1 1))
      (rotate (xyz 0 0 0))
    )
  )

  (module Package_TO_SOT_THT:TO-92L_Inline (layer F.Cu) (tedit 5A279A44) (tstamp 5BB09281)
    (at 135.89 73.66 90)
    (descr "TO-92L leads in-line (large body variant of TO-92), also known as TO-226, wide, drill 0.75mm (see https://www.diodes.com/assets/Package-Files/TO92L.pdf and http://www.ti.com/lit/an/snoa059/snoa059.pdf)")
    (tags "TO-92L Inline Wide transistor")
    (path /5BB15C1E)
    (fp_text reference Q5 (at 1.19 -3.56 90) (layer F.SilkS)
      (effects (font (size 1 1) (thickness 0.15)))
    )
    (fp_text value Q_NPN_EBC (at 1.19 2.79 90) (layer F.Fab)
      (effects (font (size 1 1) (thickness 0.15)))
    )
    (fp_text user %R (at 1.19 -3.56 90) (layer F.Fab)
      (effects (font (size 1 1) (thickness 0.15)))
    )
